28710268264
38775464508
14924583742
32592882245
26539165709
2461042916
26994138664
38730963067
36661808254
38205813069
36093827454
1114493217
38521435589
38401699542
38289622964
37139461789
34676062775
38741991803
36829656819
6658628586
1262106861
34943514144
6229365096
33729949809
6870488454
36149558297
3573591130
5889622803
38317696377
33793047093
39213631198
16403681294
24112689688
11428223532
39662484617
1396529664
1622124618
36653954167
38777077416
14580705871
8402681960
4164575260
9843654658
34713085649
871273063
9074861809
36431413769
39420190161
28673924481
26249782146
26506003198
38225644345
39151029564
19736571677
6276135731
35602447528
20662560189
38591692602
35086907496
23367451353
9942668708
21130125015
5738133612
4004097674
7036691972
39056405040
22399760551
6329865975
29083478617
38258493572
2397271884
35300918928
38781116852
36525689131
38666484464
13227450260
33013006683
39487154263
8660965418
39464055473
4106568
38561711319
22581376292
7165722083
38831156966
43952068
31258010970
11435486508
39027167365
5583717158
29824015747
6603822570
39729081200
39658448690
38985332029
37291761360
191810756
9265276167
38252252611
16744915057
1631459807
8515010112
33426606437
33920639530
1650393513
25448552084
1640167967
6092949363
25014110541
19758194764
38710331123
5336015739
33548787785
10218017283
37488668876
38276255316
29813443567
2117046968
33438604379
29714474883
39486812817
8787910122
31316468490
3402271
455172196
8415626818
10495470667
21708020810
29767518591
38413516029
234656790
26334763135
327420325
18543542887
36136151982
37072916504
34123274415
28395937080
5541930805
25512107611
38579043486
28332927411
33127189004
35195893598
213569323
37545436933
35360241578
39386521726
34371259459
5684387335
39414575131
56149613
38786642457
35292518930
38970920555
35779863479
38058625534
37609165398
33933773650
8482490007
39842606262
39467458183
606868593
36630571792
21525824623
34892586696
23413728062
39454946640
16339315
7986349719
1466364868
19048453209
30348304851
8595787020
18291821
25525861276
486757347
39466859395
8687427515
319316867
33435121792
4714154328
38910199096
35569950987
35820511094
27966692
32677517807
33403822776
8750015118
39444079247
39472880453
32463673937
38832262155
20071870745
280078180
39225424917
36178003332
2917151217
9738053343
1826915730
36384387563
22359991372
37503450508
7148336564
32909206842
6308338144
5765088806
30659828034
39496822376
29770503997
31991396651
1358443995
218990093
37224254534
287654715
4071455645
